19330847
19362426
19426163
19464062
19467559
19489003
19539998
19540599
19541369
19559046
19573050
19589603
19627640
19695335
19748235
19756819
19765721
19783103
19835665
19836143
19837139
19854625
19859069
19874870
19878138
19896142
19912475
19912476
19914605
19929309
19931400
19931853
19931855
19941676
19943124
19962859
20005050
20010892
20021995
20036466
20038834
20043002
20044070
20060007
20062812
20068029
20074914
20079755
20090673
20093318
20122698
20133768
20138063
20141261
20149549
20159144
20160213
20177408
20194827
20194830
20215939
20218796
20219105
20219249
20299006
20307163
20308988
20337016
20360318
20361894
20381874
20393460
20399256
20420766
20420768
20427157
20438768
20444504
20546834
20547425
20553750
20558529
20562747
20569651
20576499
20579974
20589492
20598672
20599362
20599363
20602432
20609373
20621455
20623764
20624456
20634092
20646680
20665592
20673548
20675584
20686125
20686132
20686454
20692131
20692322
20700523
20703306
20708906
20716327
20733346
20800687
20801523
20808083
20808107
20808126
20816900
20817488
20819990
20838211
20843874
20843875
20846178
20849864
20855060
20857373
20861828
20864090
20864319
20868630
20869122
20882552
20889213
20889967
20921116
20923432
20934312
20951980
20952073
20961740
20964695
20964952
20973838
21030092
21034297
21035873
21048519
21054936
21075593
21079605
21094937
21145043
21145068
21145535
21161185
21167857
21183223
21195137
21195417
21195720
21198246
21208749
21208990
21211630
21217094
21218562
21218563
21220074
21226313
21232602
21247477
21257158
21262054
21269286
21272291
21273679
21276593
21283580
21285143
21296667
21298725
21300944
21304589
21304948
21306214
21324238
21354714
21372170
21375794
21376727
21377250
21382385
21385938
21391267
21418733
21418787
21430148
21439552
21440563
21451189
21467789
21473810
21480376
21488984
21494789
21497910
21498053
21503609
21511342
21531027
21534194
21535247
21536077
21536078
21537331
21537355
21546094
21546222
21551226
21553941
21557888
21568644
21577214
21616602
21621144
21621145
21621559
21637831
21644985
21648325
21651951
21658845
21664220
21670733
21684275
21695394
21697947
21709610
21720734
21724666
21727252
21740626
21745692
21757239
21765344
21767611
21777510
21783175
21791234
21792580
21798113
21803058
21807414
21807415
21810646
21813114
21814185
21814201
21827007
21831269
21839754
21844357
21848436
21851822
21865469
21873832
21878364
21888185
21890211
21890212
21893657
21898852
21901425
21903032
21907221
21907761
21910935
21912658
21924875
21932096
21935393
21937982
21943083
21945290
21957442
21961777
21962378
21967886
21969419
21980482
21990419
21996102
22001316
22007877
22015111
22036795
22039440
22054117
22059935
22065530
22079927
22088577
22089322
22092224
22097208
22098195
22099606
22112927
22129769
22140014
22156722
22160164
22169439
22174927
22175526
22182938
22198054
22204928
22213770
22217254
22221763
22246362
22263640
22264442
22265241
22265870
22272355
22285416
22287808
22293695
22306286
22306746
22313617
22318195
22335772
22342800
22348891
22362879
22384265
22386005
22389166
22391030
22398297
22399775
22401827
22405742
22414635
22414813
22420593
22423384
22426387
22426398
22434222
22434915
22436595
22440225
22450262
22453299
22460056
22475622
22495688
22497878
22503140
22504906
22507760
22511726
22512803
22515408
22519864
22521254
22522023
22522470
22522735
22529357
22532655
22537685
22537774
22546758
22558262
22561281
22572572
22572885
22584108
22595871
22605683
22613776
22613872
22628125
22638494
22639242
22647536
22652466
22660922
22672298
22691453
22697187
22698761
22699718
22706518
22714007
22723700
22732813
22733766
22743048
22749355
22750155
22776454
22785087
22789020
22794529
22798398
22800995
22807242
22814840
22820953
22824414
22826346
22829957
22831917
22832602
22832656
22832732
22832853
22832909
22834663
22836869
22840760
22846678
22855869
22863653
22867951
22868048
22871911
22871912
22901627
22903751
22907274
22909445
22917059
22922121
22929183
22934752
22939462
22939998
22945620
22950524
22952599
22954259
22959814
22960774
22974489
22974690
22989585
23000114
23009787
23010657
23020994
23021193
23021615
23022470
23026128
23026812
23026958
23036622
23042884
23042885
23044496
23047242
23049758
23055092
23056477
23058173
23060530
23068715
23075728
23077954
23092981
23104014
23111230
23114803
23114811
23115342
23117638
23127884
23128924
23134661
23137715
23139148
23141153
23141669
23143517
23154098
23159012
23171514
23171530
23177923
23187689
23194671
23201176
23201972
23206875
23238724
23247614
23268191
23270974
23271325
23273724
23279846
23298715
23298821
23303048
23303057
23303060
23321807
23325324
23325372
23327934
23328629
23332457
23332680
23336589
23341118
23341476
23343492
23346419
23354722
23382811
23384713
23398442
23399372
23406189
23408467
23423952
23428744
23433856
23433857
23453566
23453674
23460966
23462582
23463151
23465364
23468190
23471746
23473547
23482625
23483239
23485025
23499388
23527884
23534057
23538303
23541246
23560106
23567883
23574158
23593332
23595256
23597041
23602025
23607969
23608736
23613000
23615187
23616377
23620758
23622692
23632457
23636913
23650397
23669637
23673864
23678106
23680701
23684515
23686030
23691371
23709351
23711979
23721913
23741416
23746489
23764385
23768683
23773792
23778854
23796796
23800487
23807240
23827769
23844175
23844192
23856297
23861215
23866315
23869106
23873091
23876404
23891965
23894454
23910949
23911154
23920122
23922220
23929204
23929546
23930595
23938069
23945193
23946275
23950576
23954410
23960204
23969000
23973415
23979095
23981629
23994212
24012926
24019460
24031048
24031092
24033572
24035490
24036059
24040385
24040806
24041297
24051277
24068823
24072617
24073270
24074963
24090511
24093725
24099630
24126924
24129616
24144492
24144505
24148846
24158718
24176688
24177209
24180394
24180397
24191026
24192527
24210630
24218598
24224676
24244537
24246571
24253961
24268546
24279853
24286859
24287720
24300695
24304824
24307996
24333647
24333815
24342149
24342992
24349161
24356105
24367137
24378256
24393367
24405689
24411473
24416367
24422972
24434007
24439807
24447053
24449748
24450162
24462230
24465436
24465557
24470543
24485496
24491956
24492730
24493842
24495390
24496320
24501702
24505860
24508064
24512669
24513875
24514569
24516127
24518228
24550802
24551236
24557661
24558383
24560771
24565178
24567365
24575774
24578016
24583372
24587566
24589478
24613017
24615932
24616149
24621884
24621958
24635551
24643163
24645731
24650119
24655775
24656767
24661157
24661161
24662151
24666365
24667480
24675061
24676455
24677490
24678511
24685630
24694839
24733968
24737710
24740310
24740491
24742925
24745028
24753183
24753211
24756342
24763760
24766138
24766997
24769403
24773595
24774648
24777135
24786848
24790267
24796287
24797332
24800784
24802307
24804219
24816445
24818074
24828372
24832866
24844704
24847113
24856553
24858659
24859173
24862389
24862391
24862560
24876189
24877057
24879990
24882178
24882180
24886127
24888985
24912179
24914006
24915543
24920451
24924666
24924799
24931850
24936421
24938404
24938671
24945924
24949866
24949867
24952232
24958358
24965164
24967107
24970773
24993299
24993478
24995682
24995938
25000505
25003028
25004194
25012417
25012429
25023083
25027617
25033473
25035081
25036008
25036523
25037555
25039124
25044977
25051163
25055809
25057194
25060989
25061247
25061568
25062841
25064808
25065859
25066547
25066663
25066703
25066827
25068667
25069080
25071562
25074636
25074638
25079084
25080472
25082110
25082118
25082549
25086051
25088286
25092128
25092571
25107590
25109665
25109873
25114262
25127085
25127926
25131612
25132653
25133665
25137414
25139647
25143624
25150386
25162634
25162644
25162661
25165064
25165065
25173431
25178800
25184294
25184295
25184336
25188810
25192244
25193500
25203168
25208824
25212487
25226864
25229257
25229638
25231851
25240202
25267070
25269685
25274576
25277840
25280788
25282511
25285899
25298173
25315685
25315831
25316238
25316382
25330741
25331877
25338068
25349171
25365763
25376429
25376974
25379418
25382193
25384068
25388293
25393953
25405780
25407297
25411484
25416726
25422962
25422964
25424551
25433424
25433903
25438747
25442113
25446757
25447064
25448399
25451292
25451423
25451445
25451698
25454338
25462395
25462411
25462895
25465168
25465853
25470403
25483401
25485962
25486577
25492856
25494472
25496803
25497300
25497708
25499035
25502401
25511803
25513974
25533294
25533973
25539873
25541389
25545784
25545969
25546687
25553399
25559772
25564192
25568149
25572430
25577159
25582786
25589378
25592978
25596174
25598428
25600111
25600157
25602134
25610781
25613061
25618406
25620122
25629589
25630611
25641635
25651064
25652752
25658577
25670646
25672834
25680674
25680935
25685707
25689569
25698585
25710067
25721540
25722115
25735885
25742865
25744500
25748318
25762610
25773003
25786412
25790021
25791226
25791846
25795386
25801500
25807341
25808607
25822989
25823790
25824981
25833129
25836993
25839898
25841890
25842202
25842268
25847778
25862529
25864425
25865357
25872899
25875952